####DATAA HÚ HÚ HÚ####

010001  7.5 9.25 9.25 5.5
010002  5.75 9.5 8.5 6.75
010003  7 9.5 9 2
010004  5.75 9.5 7 5
010005  7.75 9.75 9.75 5
010006  8 9.75 9 6
010007  8.75 9 8.5 5.75
010008  7 7.25 6.75 2.25
010009  7.5 9.5 9.25 6
010010  5.75 9.5 9 1
010011  5.75 9.5 7.75 4
010012  7.5 9.5 8.75 6
010013  7.5 9.75 8.25 4.25
010014  6.5 10 8.75 10
010015  9 9.5 8.75 5
010016  7.5 9 8.5 2.25
010017  7.5 8.25 5.75 3
010018  4.75 8.75 4 2.25
010019  9 9.5 9.5 7
010020  7.5 8.75 9 6.5
010021  7.75 9.5 8.75 5
010022  8 9.5 9.5 8
010023  7.5 9 9.25 2.75
010024  5.25 8.25 8.25 1.75
010025  8.25 9.5 9.5 6.75
010026  7.75 9 8.5 8
010027  7.5 8.5 7.5 3
010028  7.5 9 9 2.25
010029  6 9 7.5 5
010030  8.5 9.5 9.5 5.5
010031  7.75 9.5 8.75 5.5
010032  6.75 9.5 9.25 2.75
010033  6 9.75 7.5 2.75
010034  6.75 7.5 8.25 1.75
010035  7.25 9 8 2.25
010036  7 9.5 9 7.75
010037  7 9.5 8.5 4.25
010038  8.25 7.75 9.5 1.75
010039  8.25 8.25 8.75 3.5
010040  7.25 8.5 9.25 2.5
010041  8.25 9.25 7.25 3.25
010042  9 9 8.5 5
010043  9.5 10 8.5 5.5
010044  8.5 8.75 8.25 6.75
